0.000,0.000,0.000,0.000
1.000,0.000,0.000,0.000
2.000,0.128,-0.226,0.000
3.000,0.128,-0.226,0.000
4.000,0.128,-0.226,0.000
5.000,0.128,-0.226,0.000
6.000,0.128,-0.226,0.000
7.000,0.128,-0.226,0.000
8.000,0.128,-0.226,0.000
9.000,0.128,-0.226,0.000
10.000,0.128,-0.226,0.000
11.000,0.128,-0.226,0.000
12.000,0.128,-0.226,0.000
13.000,0.128,-0.226,0.000
14.000,0.128,-0.226,0.000
15.000,0.128,-0.226,0.000
16.000,0.128,-0.226,0.000
17.000,0.128,-0.226,0.000
18.000,0.128,-0.226,0.000
19.000,0.128,-0.226,0.000
20.000,0.128,-0.226,0.000
21.000,0.128,-0.226,0.000
22.000,0.128,-0.226,0.000
23.000,0.128,-0.226,0.000
24.000,0.128,-0.226,0.000
25.000,0.128,-0.226,0.000
26.000,0.128,-0.226,0.000
27.000,0.128,-0.226,0.000
28.000,0.128,-0.226,0.000
29.000,0.128,-0.226,0.000
30.000,0.128,-0.226,0.000
31.000,0.128,-0.226,0.000
32.000,0.128,-0.226,0.000
33.000,0.128,-0.226,0.000
34.000,0.128,-0.226,0.000
35.000,0.128,-0.226,0.000
36.000,0.128,-0.226,0.000
37.000,0.128,-0.226,0.000
38.000,0.128,-0.226,0.000
39.000,0.128,-0.226,0.000
40.000,0.128,-0.226,0.000
41.000,0.128,-0.226,0.000
42.000,0.128,-0.226,0.000
43.000,0.128,-0.226,0.000
44.000,0.128,-0.226,0.000
45.000,0.128,-0.226,0.000
46.000,0.128,-0.226,0.000
47.000,0.128,-0.226,0.000
48.000,0.128,-0.226,0.000
49.000,0.128,-0.226,0.000
50.000,0.128,-0.226,0.000
51.000,0.128,-0.226,0.000
52.000,0.128,-0.226,0.000
53.000,0.128,-0.226,0.000
54.000,0.128,-0.226,0.000
55.000,0.128,-0.226,0.000
56.000,0.128,-0.226,0.000
57.000,0.128,-0.226,0.000
58.000,0.128,-0.226,0.000
59.000,0.128,-0.226,0.000
60.000,0.128,-0.226,0.000
61.000,0.128,-0.226,0.000
62.000,0.128,-0.226,0.000
63.000,0.128,-0.226,0.000
64.000,0.128,-0.226,0.000
65.000,0.128,-0.226,-0.008
66.000,0.128,-0.231,-0.071
67.000,0.128,-0.289,-0.138
68.000,0.133,-0.365,-0.149
69.000,0.191,-0.441,-0.096
70.000,0.266,-0.475,-0.020
71.000,0.359,-0.435,0.028
72.000,0.402,-0.359,0.002
73.000,0.402,-0.319,-0.001
74.000,0.402,-0.319,0.032
75.000,0.402,-0.319,0.107
76.000,0.402,-0.319,0.179
77.000,0.402,-0.319,0.250
78.000,0.402,-0.319,0.315
79.000,0.402,-0.319,0.324
80.000,0.402,-0.319,0.271
81.000,0.402,-0.319,0.197
82.000,0.401,-0.319,0.123
83.000,0.360,-0.319,0.052
84.000,0.288,-0.356,-0.020
85.000,0.257,-0.428,-0.093
86.000,0.280,-0.501,-0.165
87.000,0.352,-0.579,-0.238
88.000,0.430,-0.606,-0.318
89.000,0.506,-0.567,-0.393
90.000,0.542,-0.492,-0.469
91.000,0.512,-0.436,-0.544
92.000,0.446,-0.445,-0.619
93.000,0.436,-0.512,-0.694
94.000,0.492,-0.577,-0.769
95.000,0.567,-0.580,-0.845
96.000,0.619,-0.520,-0.920
97.000,0.606,-0.437,-0.995
98.000,0.525,-0.416,-1.080
99.000,0.463,-0.462,-1.155
100.000,0.465,-0.538,-1.232
101.000,0.528,-0.579,-1.308
102.000,0.605,-0.553,-1.384
103.000,0.655,-0.481,-1.459
104.000,0.644,-0.410,-1.531
105.000,0.577,-0.383,-1.604
106.000,0.513,-0.420,-1.679
107.000,0.510,-0.495,-1.754
108.000,0.570,-0.549,-1.829
109.000,0.643,-0.540,-1.903
110.000,0.708,-0.472,-1.977
111.000,0.709,-0.385,-2.064
112.000,0.644,-0.341,-2.139
113.000,0.571,-0.361,-2.213
114.000,0.525,-0.434,-2.287
115.000,0.545,-0.509,-2.363
116.000,0.618,-0.542,-2.439
117.000,0.691,-0.509,-2.513
118.000,0.747,-0.434,-2.588
119.000,0.736,-0.358,-2.664
120.000,0.667,-0.298,-2.740
121.000,0.592,-0.301,-2.815
122.000,0.544,-0.367,-2.891
123.000,0.563,-0.432,-2.967
124.000,0.637,-0.435,-3.044
125.000,0.680,-0.376,-3.120
126.000,0.681,-0.355,-3.195
127.000,0.681,-0.355,-3.256
128.000,0.681,-0.355,-3.262
129.000,0.681,-0.355,-3.262
130.000,0.681,-0.355,-3.262
131.000,0.681,-0.355,-3.262
132.000,0.681,-0.355,-3.262
133.000,0.681,-0.355,-3.262
134.000,0.681,-0.355,-3.262
135.000,0.681,-0.355,-3.262
136.000,0.681,-0.355,-3.262
137.000,0.681,-0.355,-3.262
138.000,0.681,-0.355,-3.262
139.000,0.681,-0.355,-3.262
140.000,0.681,-0.355,-3.262
141.000,0.681,-0.355,-3.262
142.000,0.681,-0.355,-3.262
143.000,0.681,-0.355,-3.262
144.000,0.681,-0.355,-3.262
145.000,0.681,-0.355,-3.262
